TP:1 TN:1386 FP:1 FN:113 IP:61 IN:101


                    accuracy: 0.9240506329113924
                    precision: 0.5
                    recall: 0.008771929824561403
                    f1: 0.017241379310344827
                    ppv: 0.5
                    npv: 0.9246164109406271
                    error: 0.06855081178592905
                    leakage: 0.06794948887552615
                    overkill: 0.0006013229104028864
                    indeterminate: 0.0974143114852676
                    imperfection: 0.16596512327119664
                    indeterminate-adjusted precision: 0.009708737864077669
                    indeterminate-adjusted Recall: 0.35428571428571426
                    indeterminate-adjusted f1: 0.0188995579942082
                    