TP:10 TN:1357 FP:2 FN:117 IP:59 IN:119


                    accuracy: 0.9199192462987887
                    precision: 0.8333333333333334
                    recall: 0.07874015748031496
                    f1: 0.14388489208633093
                    ppv: 0.8333333333333334
                    npv: 0.9206241519674355
                    error: 0.07151442307692307
                    leakage: 0.0703125
                    overkill: 0.001201923076923077
                    indeterminate: 0.10697115384615384
                    imperfection: 0.17848557692307693
                    indeterminate-adjusted precision: 0.07633587786259542
                    indeterminate-adjusted Recall: 0.3709677419354839
                    indeterminate-adjusted f1: 0.126617120836774
                    