TP:1 TN:1385 FP:1 FN:114 IP:60 IN:102


                    accuracy: 0.9233844103930713
                    precision: 0.5
                    recall: 0.008695652173913044
                    f1: 0.017094017094017096
                    ppv: 0.5
                    npv: 0.923949299533022
                    error: 0.06915213469633193
                    leakage: 0.06855081178592905
                    overkill: 0.0006013229104028864
                    indeterminate: 0.0974143114852676
                    imperfection: 0.16656644618159952
                    indeterminate-adjusted precision: 0.009615384615384616
                    indeterminate-adjusted Recall: 0.3485714285714286
                    indeterminate-adjusted f1: 0.01871452676790919
                    