TP:1 TN:1391 FP:1 FN:113 IP:61 IN:96


                    accuracy: 0.9243027888446215
                    precision: 0.5
                    recall: 0.008771929824561403
                    f1: 0.017241379310344827
                    ppv: 0.5
                    npv: 0.9248670212765957
                    error: 0.06855081178592905
                    leakage: 0.06794948887552615
                    overkill: 0.0006013229104028864
                    indeterminate: 0.09440769693325315
                    imperfection: 0.16295850871918222
                    indeterminate-adjusted precision: 0.01020408163265306
                    indeterminate-adjusted Recall: 0.35428571428571426
                    indeterminate-adjusted f1: 0.019836826107822746
                    