TP:4 TN:1320 FP:2 FN:110 IP:72 IN:156


                    accuracy: 0.9220055710306406
                    precision: 0.6666666666666666
                    recall: 0.03508771929824561
                    f1: 0.06666666666666667
                    ppv: 0.6666666666666666
                    npv: 0.9230769230769231
                    error: 0.0673076923076923
                    leakage: 0.06610576923076923
                    overkill: 0.001201923076923077
                    indeterminate: 0.13701923076923078
                    imperfection: 0.20432692307692307
                    indeterminate-adjusted precision: 0.024691358024691357
                    indeterminate-adjusted Recall: 0.40860215053763443
                    indeterminate-adjusted f1: 0.04656862745098039
                    