TP:11 TN:1369 FP:1 FN:121 IP:54 IN:108


                    accuracy: 0.918774966711052
                    precision: 0.9166666666666666
                    recall: 0.08333333333333333
                    f1: 0.1527777777777778
                    ppv: 0.9166666666666666
                    npv: 0.9187919463087248
                    error: 0.0733173076923077
                    leakage: 0.07271634615384616
                    overkill: 0.0006009615384615385
                    indeterminate: 0.09735576923076923
                    imperfection: 0.17067307692307693
                    indeterminate-adjusted precision: 0.09166666666666666
                    indeterminate-adjusted Recall: 0.34946236559139787
                    indeterminate-adjusted f1: 0.14523664432256753
                    