TP:11 TN:1334 FP:2 FN:114 IP:61 IN:142


                    accuracy: 0.920602327173169
                    precision: 0.8461538461538461
                    recall: 0.088
                    f1: 0.15942028985507245
                    ppv: 0.8461538461538461
                    npv: 0.9212707182320442
                    error: 0.06971153846153846
                    leakage: 0.06850961538461539
                    overkill: 0.001201923076923077
                    indeterminate: 0.1219951923076923
                    imperfection: 0.19170673076923078
                    indeterminate-adjusted precision: 0.07096774193548387
                    indeterminate-adjusted Recall: 0.3870967741935484
                    indeterminate-adjusted f1: 0.11994547932757836
                    