TP:8 TN:1292 FP:1 FN:106 IP:72 IN:185


                    accuracy: 0.923951670220327
                    precision: 0.8888888888888888
                    recall: 0.07017543859649122
                    f1: 0.13008130081300814
                    ppv: 0.8888888888888888
                    npv: 0.9241773962804005
                    error: 0.06430288461538461
                    leakage: 0.06370192307692307
                    overkill: 0.0006009615384615385
                    indeterminate: 0.1544471153846154
                    imperfection: 0.21875
                    indeterminate-adjusted precision: 0.041237113402061855
                    indeterminate-adjusted Recall: 0.43010752688172044
                    indeterminate-adjusted f1: 0.07525870178739416
                    