TP:8 TN:1340 FP:1 FN:111 IP:67 IN:137


                    accuracy: 0.9232876712328767
                    precision: 0.8888888888888888
                    recall: 0.06722689075630252
                    f1: 0.125
                    ppv: 0.8888888888888888
                    npv: 0.923501033769814
                    error: 0.0673076923076923
                    leakage: 0.06670673076923077
                    overkill: 0.0006009615384615385
                    indeterminate: 0.12259615384615384
                    imperfection: 0.18990384615384615
                    indeterminate-adjusted precision: 0.0547945205479452
                    indeterminate-adjusted Recall: 0.4032258064516129
                    indeterminate-adjusted f1: 0.09647853352629039
                    