TP:1 TN:1388 FP:1 FN:115 IP:59 IN:99


                    accuracy: 0.9229235880398671
                    precision: 0.5
                    recall: 0.008620689655172414
                    f1: 0.01694915254237288
                    ppv: 0.5
                    npv: 0.9234863606121091
                    error: 0.06975345760673482
                    leakage: 0.06915213469633193
                    overkill: 0.0006013229104028864
                    indeterminate: 0.09500901984365605
                    imperfection: 0.16476247745039085
                    indeterminate-adjusted precision: 0.009900990099009901
                    indeterminate-adjusted Recall: 0.34285714285714286
                    indeterminate-adjusted f1: 0.019246190858059342
                    