TP:15 TN:1347 FP:4 FN:131 IP:40 IN:127


                    accuracy: 0.9098196392785571
                    precision: 0.7894736842105263
                    recall: 0.10273972602739725
                    f1: 0.18181818181818182
                    ppv: 0.7894736842105263
                    npv: 0.9113667117726658
                    error: 0.0811298076923077
                    leakage: 0.07872596153846154
                    overkill: 0.002403846153846154
                    indeterminate: 0.10036057692307693
                    imperfection: 0.18149038461538464
                    indeterminate-adjusted precision: 0.10273972602739725
                    indeterminate-adjusted Recall: 0.2956989247311828
                    indeterminate-adjusted f1: 0.15249537892791126
                    