TP:25 TN:1454 FP:23 FN:154 IP:6 IN:2


                    accuracy: 0.8931159420289855
                    precision: 0.5208333333333334
                    recall: 0.13966480446927373
                    f1: 0.22026431718061673
                    ppv: 0.5208333333333334
                    npv: 0.904228855721393
                    error: 0.1063701923076923
                    leakage: 0.09254807692307693
                    overkill: 0.013822115384615384
                    indeterminate: 0.004807692307692308
                    imperfection: 0.11117788461538461
                    indeterminate-adjusted precision: 0.5
                    indeterminate-adjusted Recall: 0.16756756756756758
                    indeterminate-adjusted f1: 0.25101214574898784
                    