TP:8 TN:1444 FP:4 FN:133 IP:34 IN:40


                    accuracy: 0.9137822529893015
                    precision: 0.6666666666666666
                    recall: 0.05673758865248227
                    f1: 0.10457516339869281
                    ppv: 0.6666666666666666
                    npv: 0.9156626506024096
                    error: 0.08238123872519543
                    leakage: 0.07997594708358388
                    overkill: 0.0024052916416115455
                    indeterminate: 0.04449789536981359
                    imperfection: 0.126879134095009
                    indeterminate-adjusted precision: 0.15384615384615385
                    indeterminate-adjusted Recall: 0.24
                    indeterminate-adjusted f1: 0.18750000000000003
                    