TP:7 TN:1443 FP:1 FN:134 IP:34 IN:44


                    accuracy: 0.9148264984227129
                    precision: 0.875
                    recall: 0.04964539007092199
                    f1: 0.09395973154362416
                    ppv: 0.875
                    npv: 0.9150285351934052
                    error: 0.08117859290438965
                    leakage: 0.08057726999398677
                    overkill: 0.0006013229104028864
                    indeterminate: 0.04690318701142514
                    imperfection: 0.1280817799158148
                    indeterminate-adjusted precision: 0.1346153846153846
                    indeterminate-adjusted Recall: 0.2342857142857143
                    indeterminate-adjusted f1: 0.17098599940422995
                    