TP:19 TN:1432 FP:12 FN:145 IP:21 IN:35


                    accuracy: 0.902363184079602
                    precision: 0.6129032258064516
                    recall: 0.11585365853658537
                    f1: 0.19487179487179487
                    ppv: 0.6129032258064516
                    npv: 0.9080532656943564
                    error: 0.09435096153846154
                    leakage: 0.08713942307692307
                    overkill: 0.007211538461538462
                    indeterminate: 0.03365384615384615
                    imperfection: 0.12800480769230768
                    indeterminate-adjusted precision: 0.2878787878787879
                    indeterminate-adjusted Recall: 0.21621621621621623
                    indeterminate-adjusted f1: 0.24695369618196591
                    