TP:12 TN:1429 FP:4 FN:140 IP:33 IN:46


                    accuracy: 0.9091482649842272
                    precision: 0.75
                    recall: 0.07894736842105263
                    f1: 0.14285714285714285
                    ppv: 0.75
                    npv: 0.9107711918419376
                    error: 0.08653846153846154
                    leakage: 0.08413461538461539
                    overkill: 0.002403846153846154
                    indeterminate: 0.047475961538461536
                    imperfection: 0.13401442307692307
                    indeterminate-adjusted precision: 0.1935483870967742
                    indeterminate-adjusted Recall: 0.24324324324324326
                    indeterminate-adjusted f1: 0.2155688622754491
                    