TP:16 TN:1374 FP:4 FN:129 IP:41 IN:100


                    accuracy: 0.912672357189757
                    precision: 0.8
                    recall: 0.1103448275862069
                    f1: 0.19393939393939394
                    ppv: 0.8
                    npv: 0.9141716566866267
                    error: 0.07992788461538461
                    leakage: 0.07752403846153846
                    overkill: 0.002403846153846154
                    indeterminate: 0.08473557692307693
                    imperfection: 0.16466346153846154
                    indeterminate-adjusted precision: 0.13333333333333333
                    indeterminate-adjusted Recall: 0.3064516129032258
                    indeterminate-adjusted f1: 0.18581907090464547
                    