TP:21 TN:1410 FP:14 FN:147 IP:18 IN:54


                    accuracy: 0.8988693467336684
                    precision: 0.6
                    recall: 0.125
                    f1: 0.20689655172413793
                    ppv: 0.6
                    npv: 0.905587668593449
                    error: 0.0967548076923077
                    leakage: 0.08834134615384616
                    overkill: 0.008413461538461538
                    indeterminate: 0.04326923076923077
                    imperfection: 0.14002403846153846
                    indeterminate-adjusted precision: 0.23595505617977527
                    indeterminate-adjusted Recall: 0.20967741935483872
                    indeterminate-adjusted f1: 0.22204148027653517
                    