TP:22 TN:1436 FP:12 FN:142 IP:21 IN:31


                    accuracy: 0.9044665012406948
                    precision: 0.6470588235294118
                    recall: 0.13414634146341464
                    f1: 0.2222222222222222
                    ppv: 0.6470588235294118
                    npv: 0.9100126742712294
                    error: 0.09254807692307693
                    leakage: 0.08533653846153846
                    overkill: 0.007211538461538462
                    indeterminate: 0.03125
                    imperfection: 0.12379807692307693
                    indeterminate-adjusted precision: 0.3384615384615385
                    indeterminate-adjusted Recall: 0.23243243243243245
                    indeterminate-adjusted f1: 0.2756008739985434
                    