TP:19 TN:1437 FP:10 FN:144 IP:22 IN:32


                    accuracy: 0.9043478260869565
                    precision: 0.6551724137931034
                    recall: 0.1165644171779141
                    f1: 0.19791666666666666
                    ppv: 0.6551724137931034
                    npv: 0.9089184060721063
                    error: 0.09254807692307693
                    leakage: 0.08653846153846154
                    overkill: 0.006009615384615385
                    indeterminate: 0.03245192307692308
                    imperfection: 0.125
                    indeterminate-adjusted precision: 0.3114754098360656
                    indeterminate-adjusted Recall: 0.22162162162162163
                    indeterminate-adjusted f1: 0.2589760638297872
                    