TP:22 TN:1470 FP:14 FN:151 IP:2 IN:4


                    accuracy: 0.9004224502112251
                    precision: 0.6111111111111112
                    recall: 0.12716763005780346
                    f1: 0.21052631578947367
                    ppv: 0.6111111111111112
                    npv: 0.9068476249228871
                    error: 0.09921828021647625
                    leakage: 0.09079975947083584
                    overkill: 0.00841852074564041
                    indeterminate: 0.0036079374624173183
                    imperfection: 0.10282621767889356
                    indeterminate-adjusted precision: 0.55
                    indeterminate-adjusted Recall: 0.13714285714285715
                    indeterminate-adjusted f1: 0.21954261954261958
                    