TP:18 TN:1470 FP:9 FN:149 IP:8 IN:9


                    accuracy: 0.9040097205346294
                    precision: 0.6666666666666666
                    recall: 0.10778443113772455
                    f1: 0.18556701030927836
                    ppv: 0.6666666666666666
                    npv: 0.9079678814082767
                    error: 0.09500901984365605
                    leakage: 0.08959711365003006
                    overkill: 0.005411906193625977
                    indeterminate: 0.010222489476849068
                    imperfection: 0.10523150932050512
                    indeterminate-adjusted precision: 0.5
                    indeterminate-adjusted Recall: 0.14857142857142858
                    indeterminate-adjusted f1: 0.2290748898678414
                    