TP:23 TN:1443 FP:19 FN:149 IP:13 IN:17


                    accuracy: 0.8971848225214198
                    precision: 0.5476190476190477
                    recall: 0.13372093023255813
                    f1: 0.21495327102803738
                    ppv: 0.5476190476190477
                    npv: 0.9064070351758794
                    error: 0.10096153846153846
                    leakage: 0.08954326923076923
                    overkill: 0.01141826923076923
                    indeterminate: 0.018028846153846152
                    imperfection: 0.11899038461538461
                    indeterminate-adjusted precision: 0.3898305084745763
                    indeterminate-adjusted Recall: 0.1945945945945946
                    indeterminate-adjusted f1: 0.2596018184668443
                    