TP:6 TN:148 FP:1 FN:25 IP:46 IN:63


                    accuracy: 0.8555555555555555
                    precision: 0.8571428571428571
                    recall: 0.1935483870967742
                    f1: 0.3157894736842105
                    ppv: 0.8571428571428571
                    npv: 0.8554913294797688
                    error: 0.08996539792387544
                    leakage: 0.08650519031141868
                    overkill: 0.0034602076124567475
                    indeterminate: 0.3771626297577855
                    imperfection: 0.4671280276816609
                    indeterminate-adjusted precision: 0.08571428571428572
                    indeterminate-adjusted Recall: 0.6753246753246753
                    indeterminate-adjusted f1: 0.15212091662603608
                    