TP:6 TN:151 FP:1 FN:29 IP:42 IN:60


                    accuracy: 0.839572192513369
                    precision: 0.8571428571428571
                    recall: 0.17142857142857143
                    f1: 0.2857142857142857
                    ppv: 0.8571428571428571
                    npv: 0.8388888888888889
                    error: 0.10380622837370242
                    leakage: 0.10034602076124567
                    overkill: 0.0034602076124567475
                    indeterminate: 0.35294117647058826
                    imperfection: 0.45674740484429066
                    indeterminate-adjusted precision: 0.08955223880597014
                    indeterminate-adjusted Recall: 0.6233766233766234
                    indeterminate-adjusted f1: 0.1566068515497553
                    