TP:9 TN:136 FP:4 FN:31 IP:38 IN:72


                    accuracy: 0.8055555555555556
                    precision: 0.6923076923076923
                    recall: 0.225
                    f1: 0.33962264150943394
                    ppv: 0.6923076923076923
                    npv: 0.8143712574850299
                    error: 0.1206896551724138
                    leakage: 0.10689655172413794
                    overkill: 0.013793103448275862
                    indeterminate: 0.3793103448275862
                    imperfection: 0.5
                    indeterminate-adjusted precision: 0.10588235294117647
                    indeterminate-adjusted Recall: 0.6025641025641025
                    indeterminate-adjusted f1: 0.1801149670002129
                    