TP:9 TN:169 FP:7 FN:19 IP:35 IN:51


                    accuracy: 0.8725490196078431
                    precision: 0.5625
                    recall: 0.32142857142857145
                    f1: 0.4090909090909091
                    ppv: 0.5625
                    npv: 0.898936170212766
                    error: 0.0896551724137931
                    leakage: 0.06551724137931035
                    overkill: 0.02413793103448276
                    indeterminate: 0.296551724137931
                    imperfection: 0.38620689655172413
                    indeterminate-adjusted precision: 0.13432835820895522
                    indeterminate-adjusted Recall: 0.6984126984126984
                    indeterminate-adjusted f1: 0.22532005689900428
                    