TP:8 TN:139 FP:4 FN:32 IP:38 IN:69


                    accuracy: 0.8032786885245902
                    precision: 0.6666666666666666
                    recall: 0.2
                    f1: 0.3076923076923077
                    ppv: 0.6666666666666666
                    npv: 0.8128654970760234
                    error: 0.12413793103448276
                    leakage: 0.1103448275862069
                    overkill: 0.013793103448275862
                    indeterminate: 0.3689655172413793
                    imperfection: 0.49310344827586206
                    indeterminate-adjusted precision: 0.09876543209876543
                    indeterminate-adjusted Recall: 0.5897435897435898
                    indeterminate-adjusted f1: 0.16919540229885055
                    