TP:10 TN:139 FP:3 FN:32 IP:36 IN:70


                    accuracy: 0.8097826086956522
                    precision: 0.7692307692307693
                    recall: 0.23809523809523808
                    f1: 0.36363636363636365
                    ppv: 0.7692307692307693
                    npv: 0.8128654970760234
                    error: 0.1206896551724138
                    leakage: 0.1103448275862069
                    overkill: 0.010344827586206896
                    indeterminate: 0.36551724137931035
                    imperfection: 0.48620689655172417
                    indeterminate-adjusted precision: 0.12048192771084337
                    indeterminate-adjusted Recall: 0.5897435897435898
                    indeterminate-adjusted f1: 0.20008699434536753
                    