TP:10 TN:154 FP:6 FN:19 IP:34 IN:67


                    accuracy: 0.8677248677248677
                    precision: 0.625
                    recall: 0.3448275862068966
                    f1: 0.4444444444444444
                    ppv: 0.625
                    npv: 0.8901734104046243
                    error: 0.08620689655172414
                    leakage: 0.06551724137931035
                    overkill: 0.020689655172413793
                    indeterminate: 0.3482758620689655
                    imperfection: 0.43448275862068964
                    indeterminate-adjusted precision: 0.12048192771084337
                    indeterminate-adjusted Recall: 0.6984126984126984
                    indeterminate-adjusted f1: 0.2055114432508174
                    