TP:10 TN:164 FP:6 FN:21 IP:32 IN:57


                    accuracy: 0.8656716417910447
                    precision: 0.625
                    recall: 0.3225806451612903
                    f1: 0.425531914893617
                    ppv: 0.625
                    npv: 0.8864864864864865
                    error: 0.09310344827586207
                    leakage: 0.07241379310344828
                    overkill: 0.020689655172413793
                    indeterminate: 0.30689655172413793
                    imperfection: 0.4
                    indeterminate-adjusted precision: 0.136986301369863
                    indeterminate-adjusted Recall: 0.6666666666666666
                    indeterminate-adjusted f1: 0.22727272727272727
                    