TP:6 TN:152 FP:1 FN:29 IP:42 IN:59


                    accuracy: 0.8404255319148937
                    precision: 0.8571428571428571
                    recall: 0.17142857142857143
                    f1: 0.2857142857142857
                    ppv: 0.8571428571428571
                    npv: 0.8397790055248618
                    error: 0.10380622837370242
                    leakage: 0.10034602076124567
                    overkill: 0.0034602076124567475
                    indeterminate: 0.3494809688581315
                    imperfection: 0.4532871972318339
                    indeterminate-adjusted precision: 0.09090909090909091
                    indeterminate-adjusted Recall: 0.6233766233766234
                    indeterminate-adjusted f1: 0.15867768595041323
                    