TP:9 TN:154 FP:7 FN:21 IP:33 IN:66


                    accuracy: 0.8534031413612565
                    precision: 0.5625
                    recall: 0.3
                    f1: 0.391304347826087
                    ppv: 0.5625
                    npv: 0.88
                    error: 0.09655172413793103
                    leakage: 0.07241379310344828
                    overkill: 0.02413793103448276
                    indeterminate: 0.3413793103448276
                    imperfection: 0.4379310344827586
                    indeterminate-adjusted precision: 0.10975609756097561
                    indeterminate-adjusted Recall: 0.6666666666666666
                    indeterminate-adjusted f1: 0.18848167539267016
                    