TP:9 TN:163 FP:6 FN:21 IP:33 IN:58


                    accuracy: 0.864321608040201
                    precision: 0.6
                    recall: 0.3
                    f1: 0.4
                    ppv: 0.6
                    npv: 0.8858695652173914
                    error: 0.09310344827586207
                    leakage: 0.07241379310344828
                    overkill: 0.020689655172413793
                    indeterminate: 0.3137931034482759
                    imperfection: 0.40689655172413797
                    indeterminate-adjusted precision: 0.1232876712328767
                    indeterminate-adjusted Recall: 0.6666666666666666
                    indeterminate-adjusted f1: 0.20809248554913296
                    