TP:9 TN:159 FP:5 FN:19 IP:35 IN:63


                    accuracy: 0.875
                    precision: 0.6428571428571429
                    recall: 0.32142857142857145
                    f1: 0.42857142857142855
                    ppv: 0.6428571428571429
                    npv: 0.8932584269662921
                    error: 0.08275862068965517
                    leakage: 0.06551724137931035
                    overkill: 0.017241379310344827
                    indeterminate: 0.33793103448275863
                    imperfection: 0.4206896551724138
                    indeterminate-adjusted precision: 0.11688311688311688
                    indeterminate-adjusted Recall: 0.6984126984126984
                    indeterminate-adjusted f1: 0.2002528445006321
                    