TP:9 TN:138 FP:3 FN:29 IP:40 IN:71


                    accuracy: 0.8212290502793296
                    precision: 0.75
                    recall: 0.23684210526315788
                    f1: 0.36
                    ppv: 0.75
                    npv: 0.8263473053892215
                    error: 0.1103448275862069
                    leakage: 0.1
                    overkill: 0.010344827586206896
                    indeterminate: 0.38275862068965516
                    imperfection: 0.49310344827586206
                    indeterminate-adjusted precision: 0.10843373493975904
                    indeterminate-adjusted Recall: 0.6282051282051282
                    indeterminate-adjusted f1: 0.18494443279513526
                    