TP:6 TN:151 FP:1 FN:26 IP:45 IN:60


                    accuracy: 0.8532608695652174
                    precision: 0.8571428571428571
                    recall: 0.1875
                    f1: 0.3076923076923077
                    ppv: 0.8571428571428571
                    npv: 0.8531073446327684
                    error: 0.09342560553633218
                    leakage: 0.08996539792387544
                    overkill: 0.0034602076124567475
                    indeterminate: 0.3633217993079585
                    imperfection: 0.45674740484429066
                    indeterminate-adjusted precision: 0.08955223880597014
                    indeterminate-adjusted Recall: 0.6623376623376623
                    indeterminate-adjusted f1: 0.15777262180974477
                    