TP:10 TN:136 FP:3 FN:33 IP:35 IN:73


                    accuracy: 0.8021978021978022
                    precision: 0.7692307692307693
                    recall: 0.23255813953488372
                    f1: 0.35714285714285715
                    ppv: 0.7692307692307693
                    npv: 0.8047337278106509
                    error: 0.12413793103448276
                    leakage: 0.11379310344827587
                    overkill: 0.010344827586206896
                    indeterminate: 0.3724137931034483
                    imperfection: 0.496551724137931
                    indeterminate-adjusted precision: 0.11627906976744186
                    indeterminate-adjusted Recall: 0.5769230769230769
                    indeterminate-adjusted f1: 0.1935483870967742
                    