TP:17 TN:210 FP:15 FN:44 IP:2 IN:2


                    accuracy: 0.7937062937062938
                    precision: 0.53125
                    recall: 0.2786885245901639
                    f1: 0.3655913978494624
                    ppv: 0.53125
                    npv: 0.8267716535433071
                    error: 0.20344827586206896
                    leakage: 0.15172413793103448
                    overkill: 0.05172413793103448
                    indeterminate: 0.013793103448275862
                    imperfection: 0.21724137931034482
                    indeterminate-adjusted precision: 0.5
                    indeterminate-adjusted Recall: 0.30158730158730157
                    indeterminate-adjusted f1: 0.3762376237623762
                    