TP:18 TN:193 FP:15 FN:51 IP:9 IN:4


                    accuracy: 0.7617328519855595
                    precision: 0.5454545454545454
                    recall: 0.2608695652173913
                    f1: 0.35294117647058826
                    ppv: 0.5454545454545454
                    npv: 0.7909836065573771
                    error: 0.22758620689655173
                    leakage: 0.17586206896551723
                    overkill: 0.05172413793103448
                    indeterminate: 0.04482758620689655
                    imperfection: 0.27241379310344827
                    indeterminate-adjusted precision: 0.4864864864864865
                    indeterminate-adjusted Recall: 0.34615384615384615
                    indeterminate-adjusted f1: 0.4044943820224719
                    