TP:17 TN:183 FP:15 FN:52 IP:9 IN:14


                    accuracy: 0.7490636704119851
                    precision: 0.53125
                    recall: 0.2463768115942029
                    f1: 0.33663366336633666
                    ppv: 0.53125
                    npv: 0.7787234042553192
                    error: 0.23103448275862068
                    leakage: 0.1793103448275862
                    overkill: 0.05172413793103448
                    indeterminate: 0.07931034482758621
                    imperfection: 0.3103448275862069
                    indeterminate-adjusted precision: 0.3695652173913043
                    indeterminate-adjusted Recall: 0.3333333333333333
                    indeterminate-adjusted f1: 0.35051546391752575
                    