TP:20 TN:1465 FP:8 FN:148 IP:7 IN:15


                    accuracy: 0.9049360146252285
                    precision: 0.7142857142857143
                    recall: 0.11904761904761904
                    f1: 0.20408163265306123
                    ppv: 0.7142857142857143
                    npv: 0.9082455052696838
                    error: 0.09380637402285028
                    leakage: 0.08899579073962718
                    overkill: 0.004810583283223091
                    indeterminate: 0.0132291040288635
                    imperfection: 0.10703547805171378
                    indeterminate-adjusted precision: 0.46511627906976744
                    indeterminate-adjusted Recall: 0.15428571428571428
                    indeterminate-adjusted f1: 0.23170993349066724
                    