TP:21 TN:1474 FP:12 FN:151 IP:3 IN:2


                    accuracy: 0.9016887816646562
                    precision: 0.6363636363636364
                    recall: 0.12209302325581395
                    f1: 0.2048780487804878
                    ppv: 0.6363636363636364
                    npv: 0.9070769230769231
                    error: 0.09801563439567047
                    leakage: 0.09079975947083584
                    overkill: 0.0072158749248346366
                    indeterminate: 0.003006614552014432
                    imperfection: 0.10102224894768491
                    indeterminate-adjusted precision: 0.6
                    indeterminate-adjusted Recall: 0.13714285714285715
                    indeterminate-adjusted f1: 0.22325581395348837
                    