TP:18 TN:1415 FP:14 FN:151 IP:17 IN:49


                    accuracy: 0.8967459324155194
                    precision: 0.5625
                    recall: 0.10650887573964497
                    f1: 0.1791044776119403
                    ppv: 0.5625
                    npv: 0.9035759897828863
                    error: 0.09915865384615384
                    leakage: 0.0907451923076923
                    overkill: 0.008413461538461538
                    indeterminate: 0.039663461538461536
                    imperfection: 0.13882211538461536
                    indeterminate-adjusted precision: 0.2222222222222222
                    indeterminate-adjusted Recall: 0.1881720430107527
                    indeterminate-adjusted f1: 0.20378457059679767
                    