TP:21 TN:1441 FP:10 FN:148 IP:16 IN:28


                    accuracy: 0.9024691358024691
                    precision: 0.6774193548387096
                    recall: 0.1242603550295858
                    f1: 0.21
                    ppv: 0.6774193548387096
                    npv: 0.906859660163625
                    error: 0.09495192307692307
                    leakage: 0.0889423076923077
                    overkill: 0.006009615384615385
                    indeterminate: 0.026442307692307692
                    imperfection: 0.12139423076923077
                    indeterminate-adjusted precision: 0.3559322033898305
                    indeterminate-adjusted Recall: 0.2
                    indeterminate-adjusted f1: 0.25609756097560976
                    