TP:15 TN:1389 FP:6 FN:134 IP:37 IN:83


                    accuracy: 0.9093264248704663
                    precision: 0.7142857142857143
                    recall: 0.10067114093959731
                    f1: 0.17647058823529413
                    ppv: 0.7142857142857143
                    npv: 0.912015758371635
                    error: 0.08413461538461539
                    leakage: 0.08052884615384616
                    overkill: 0.003605769230769231
                    indeterminate: 0.07211538461538461
                    imperfection: 0.15625
                    indeterminate-adjusted precision: 0.14423076923076922
                    indeterminate-adjusted Recall: 0.27956989247311825
                    indeterminate-adjusted f1: 0.19029031471090507
                    