TP:8 TN:1443 FP:3 FN:135 IP:32 IN:42


                    accuracy: 0.9131529263687854
                    precision: 0.7272727272727273
                    recall: 0.055944055944055944
                    f1: 0.1038961038961039
                    ppv: 0.7272727272727273
                    npv: 0.9144486692015209
                    error: 0.08298256163559832
                    leakage: 0.08117859290438965
                    overkill: 0.0018039687312086591
                    indeterminate: 0.04449789536981359
                    imperfection: 0.1274804570054119
                    indeterminate-adjusted precision: 0.1509433962264151
                    indeterminate-adjusted Recall: 0.22857142857142856
                    indeterminate-adjusted f1: 0.1818181818181818
                    