TP:10 TN:1426 FP:4 FN:140 IP:35 IN:49


                    accuracy: 0.9088607594936708
                    precision: 0.7142857142857143
                    recall: 0.06666666666666667
                    f1: 0.12195121951219512
                    ppv: 0.7142857142857143
                    npv: 0.9106002554278416
                    error: 0.08653846153846154
                    leakage: 0.08413461538461539
                    overkill: 0.002403846153846154
                    indeterminate: 0.05048076923076923
                    imperfection: 0.13701923076923078
                    indeterminate-adjusted precision: 0.15873015873015872
                    indeterminate-adjusted Recall: 0.24324324324324326
                    indeterminate-adjusted f1: 0.19210245464247597
                    