TP:15 TN:1431 FP:6 FN:140 IP:30 IN:42


                    accuracy: 0.9082914572864321
                    precision: 0.7142857142857143
                    recall: 0.0967741935483871
                    f1: 0.17045454545454544
                    ppv: 0.7142857142857143
                    npv: 0.9108847867600255
                    error: 0.08774038461538461
                    leakage: 0.08413461538461539
                    overkill: 0.003605769230769231
                    indeterminate: 0.04326923076923077
                    imperfection: 0.13100961538461536
                    indeterminate-adjusted precision: 0.23809523809523808
                    indeterminate-adjusted Recall: 0.24324324324324326
                    indeterminate-adjusted f1: 0.24064171122994654
                    