TP:9 TN:1446 FP:3 FN:132 IP:34 IN:39


                    accuracy: 0.9150943396226415
                    precision: 0.75
                    recall: 0.06382978723404255
                    f1: 0.11764705882352941
                    ppv: 0.75
                    npv: 0.9163498098859315
                    error: 0.08117859290438965
                    leakage: 0.079374624173181
                    overkill: 0.0018039687312086591
                    indeterminate: 0.043896572459410706
                    imperfection: 0.12507516536380037
                    indeterminate-adjusted precision: 0.17647058823529413
                    indeterminate-adjusted Recall: 0.24571428571428572
                    indeterminate-adjusted f1: 0.2054140127388535
                    