TP:12 TN:1360 FP:4 FN:131 IP:43 IN:114


                    accuracy: 0.9104180491041804
                    precision: 0.75
                    recall: 0.08391608391608392
                    f1: 0.1509433962264151
                    ppv: 0.75
                    npv: 0.9121395036887995
                    error: 0.0811298076923077
                    leakage: 0.07872596153846154
                    overkill: 0.002403846153846154
                    indeterminate: 0.09435096153846154
                    imperfection: 0.17548076923076922
                    indeterminate-adjusted precision: 0.09230769230769231
                    indeterminate-adjusted Recall: 0.2956989247311828
                    indeterminate-adjusted f1: 0.14069494777233002
                    