TP:23 TN:1455 FP:13 FN:154 IP:9 IN:10


                    accuracy: 0.8984802431610942
                    precision: 0.6388888888888888
                    recall: 0.12994350282485875
                    f1: 0.215962441314554
                    ppv: 0.6388888888888888
                    npv: 0.9042883778744562
                    error: 0.10036057692307693
                    leakage: 0.09254807692307693
                    overkill: 0.0078125
                    indeterminate: 0.01141826923076923
                    imperfection: 0.11177884615384616
                    indeterminate-adjusted precision: 0.5
                    indeterminate-adjusted Recall: 0.17204301075268819
                    indeterminate-adjusted f1: 0.256
                    