TP:10 TN:167 FP:6 FN:19 IP:34 IN:54


                    accuracy: 0.8762376237623762
                    precision: 0.625
                    recall: 0.3448275862068966
                    f1: 0.4444444444444444
                    ppv: 0.625
                    npv: 0.8978494623655914
                    error: 0.08620689655172414
                    leakage: 0.06551724137931035
                    overkill: 0.020689655172413793
                    indeterminate: 0.30344827586206896
                    imperfection: 0.3896551724137931
                    indeterminate-adjusted precision: 0.14285714285714285
                    indeterminate-adjusted Recall: 0.6984126984126984
                    indeterminate-adjusted f1: 0.2371967654986523
                    