TP:7 TN:129 FP:3 FN:32 IP:39 IN:80


                    accuracy: 0.7953216374269005
                    precision: 0.7
                    recall: 0.1794871794871795
                    f1: 0.2857142857142857
                    ppv: 0.7
                    npv: 0.8012422360248447
                    error: 0.1206896551724138
                    leakage: 0.1103448275862069
                    overkill: 0.010344827586206896
                    indeterminate: 0.4103448275862069
                    imperfection: 0.5310344827586206
                    indeterminate-adjusted precision: 0.07777777777777778
                    indeterminate-adjusted Recall: 0.5897435897435898
                    indeterminate-adjusted f1: 0.137430644472898
                    