TP:6 TN:150 FP:1 FN:27 IP:44 IN:61


                    accuracy: 0.8478260869565217
                    precision: 0.8571428571428571
                    recall: 0.18181818181818182
                    f1: 0.3
                    ppv: 0.8571428571428571
                    npv: 0.847457627118644
                    error: 0.09688581314878893
                    leakage: 0.09342560553633218
                    overkill: 0.0034602076124567475
                    indeterminate: 0.3633217993079585
                    imperfection: 0.4602076124567474
                    indeterminate-adjusted precision: 0.08823529411764706
                    indeterminate-adjusted Recall: 0.6493506493506493
                    indeterminate-adjusted f1: 0.15535991714137753
                    