TP:26 TN:1446 FP:19 FN:145 IP:14 IN:14


                    accuracy: 0.8997555012224939
                    precision: 0.5777777777777777
                    recall: 0.15204678362573099
                    f1: 0.24074074074074073
                    ppv: 0.5777777777777777
                    npv: 0.9088623507228158
                    error: 0.0985576923076923
                    leakage: 0.08713942307692307
                    overkill: 0.01141826923076923
                    indeterminate: 0.016826923076923076
                    imperfection: 0.11538461538461538
                    indeterminate-adjusted precision: 0.4406779661016949
                    indeterminate-adjusted Recall: 0.21621621621621623
                    indeterminate-adjusted f1: 0.29009762900976294
                    