TP:19 TN:1440 FP:10 FN:150 IP:16 IN:29


                    accuracy: 0.9011735639283508
                    precision: 0.6551724137931034
                    recall: 0.11242603550295859
                    f1: 0.1919191919191919
                    ppv: 0.6551724137931034
                    npv: 0.9056603773584906
                    error: 0.09615384615384616
                    leakage: 0.09014423076923077
                    overkill: 0.006009615384615385
                    indeterminate: 0.027043269230769232
                    imperfection: 0.12319711538461539
                    indeterminate-adjusted precision: 0.3275862068965517
                    indeterminate-adjusted Recall: 0.1891891891891892
                    indeterminate-adjusted f1: 0.23985572587917045
                    