TP:17 TN:1426 FP:12 FN:151 IP:18 IN:40


                    accuracy: 0.8985056039850561
                    precision: 0.5862068965517241
                    recall: 0.10119047619047619
                    f1: 0.17258883248730963
                    ppv: 0.5862068965517241
                    npv: 0.9042485732403297
                    error: 0.09795673076923077
                    leakage: 0.0907451923076923
                    overkill: 0.007211538461538462
                    indeterminate: 0.03485576923076923
                    imperfection: 0.1328125
                    indeterminate-adjusted precision: 0.2463768115942029
                    indeterminate-adjusted Recall: 0.1881720430107527
                    indeterminate-adjusted f1: 0.21337636722252107
                    