TP:22 TN:1473 FP:10 FN:149 IP:4 IN:5


                    accuracy: 0.903869407496977
                    precision: 0.6875
                    recall: 0.1286549707602339
                    f1: 0.21674876847290642
                    ppv: 0.6875
                    npv: 0.908138101109741
                    error: 0.09561034275405893
                    leakage: 0.08959711365003006
                    overkill: 0.006013229104028864
                    indeterminate: 0.005411906193625977
                    imperfection: 0.10102224894768491
                    indeterminate-adjusted precision: 0.5945945945945946
                    indeterminate-adjusted Recall: 0.14857142857142858
                    indeterminate-adjusted f1: 0.2377389858686617
                    