TP:27 TN:1450 FP:15 FN:150 IP:8 IN:14


                    accuracy: 0.8995127892813642
                    precision: 0.6428571428571429
                    recall: 0.15254237288135594
                    f1: 0.2465753424657534
                    ppv: 0.6428571428571429
                    npv: 0.90625
                    error: 0.09915865384615384
                    leakage: 0.09014423076923077
                    overkill: 0.009014423076923076
                    indeterminate: 0.013221153846153846
                    imperfection: 0.11237980769230768
                    indeterminate-adjusted precision: 0.48214285714285715
                    indeterminate-adjusted Recall: 0.1891891891891892
                    indeterminate-adjusted f1: 0.27174694464414095
                    