TP:24 TN:1442 FP:15 FN:145 IP:16 IN:22


                    accuracy: 0.9015990159901599
                    precision: 0.6153846153846154
                    recall: 0.14201183431952663
                    f1: 0.23076923076923078
                    ppv: 0.6153846153846154
                    npv: 0.9086326402016384
                    error: 0.09615384615384616
                    leakage: 0.08713942307692307
                    overkill: 0.009014423076923076
                    indeterminate: 0.02283653846153846
                    imperfection: 0.11899038461538462
                    indeterminate-adjusted precision: 0.39344262295081966
                    indeterminate-adjusted Recall: 0.21621621621621623
                    indeterminate-adjusted f1: 0.27906976744186046
                    