TP:14 TN:1432 FP:8 FN:143 IP:28 IN:39


                    accuracy: 0.9054477144646211
                    precision: 0.6363636363636364
                    recall: 0.08917197452229299
                    f1: 0.1564245810055866
                    ppv: 0.6363636363636364
                    npv: 0.9092063492063492
                    error: 0.0907451923076923
                    leakage: 0.0859375
                    overkill: 0.004807692307692308
                    indeterminate: 0.04026442307692308
                    imperfection: 0.1310096153846154
                    indeterminate-adjusted precision: 0.22950819672131148
                    indeterminate-adjusted Recall: 0.22702702702702704
                    indeterminate-adjusted f1: 0.2282608695652174
                    