TP:11 TN:1427 FP:2 FN:140 IP:34 IN:50


                    accuracy: 0.910126582278481
                    precision: 0.8461538461538461
                    recall: 0.0728476821192053
                    f1: 0.13414634146341464
                    ppv: 0.8461538461538461
                    npv: 0.9106573069559668
                    error: 0.08533653846153846
                    leakage: 0.08413461538461539
                    overkill: 0.001201923076923077
                    indeterminate: 0.05048076923076923
                    imperfection: 0.1358173076923077
                    indeterminate-adjusted precision: 0.1746031746031746
                    indeterminate-adjusted Recall: 0.24324324324324326
                    indeterminate-adjusted f1: 0.2032854209445585
                    