TP:8 TN:1433 FP:3 FN:134 IP:33 IN:52


                    accuracy: 0.9131812420785805
                    precision: 0.7272727272727273
                    recall: 0.056338028169014086
                    f1: 0.10457516339869281
                    ppv: 0.7272727272727273
                    npv: 0.9144862795149968
                    error: 0.08238123872519543
                    leakage: 0.08057726999398677
                    overkill: 0.0018039687312086591
                    indeterminate: 0.05111244738424534
                    imperfection: 0.13349368610944076
                    indeterminate-adjusted precision: 0.12698412698412698
                    indeterminate-adjusted Recall: 0.2342857142857143
                    indeterminate-adjusted f1: 0.1646999748932965
                    