TP:9 TN:1419 FP:1 FN:136 IP:40 IN:59


                    accuracy: 0.9124600638977636
                    precision: 0.9
                    recall: 0.06206896551724138
                    f1: 0.11612903225806452
                    ppv: 0.9
                    npv: 0.912540192926045
                    error: 0.08233173076923077
                    leakage: 0.08173076923076923
                    overkill: 0.0006009615384615385
                    indeterminate: 0.059495192307692304
                    imperfection: 0.14182692307692307
                    imperfection: 0.14182692307692307
                    indeterminate-adjusted precision: 0.18
                    indeterminate-adjusted Recall: 0.3333333333333333
                    indeterminate-adjusted f1: 0.23376623376623376