TP:7 TN:1439 FP:4 FN:133 IP:35 IN:45


                    accuracy: 0.9134554643082754
                    precision: 0.6363636363636364
                    recall: 0.05
                    f1: 0.09271523178807947
                    ppv: 0.6363636363636364
                    npv: 0.9153944020356234
                    error: 0.08238123872519543
                    leakage: 0.07997594708358388
                    overkill: 0.0024052916416115455
                    indeterminate: 0.04810583283223091
                    imperfection: 0.13048707155742634
                    indeterminate-adjusted precision: 0.125
                    indeterminate-adjusted Recall: 0.24
                    indeterminate-adjusted f1: 0.1643835616438356
                    