TP:7 TN:1444 FP:5 FN:132 IP:36 IN:39


                    accuracy: 0.913727959697733
                    precision: 0.5833333333333334
                    recall: 0.050359712230215826
                    f1: 0.09271523178807947
                    ppv: 0.5833333333333334
                    npv: 0.916243654822335
                    error: 0.08238123872519543
                    leakage: 0.079374624173181
                    overkill: 0.003006614552014432
                    indeterminate: 0.04509921828021648
                    imperfection: 0.1274804570054119
                    indeterminate-adjusted precision: 0.13725490196078433
                    indeterminate-adjusted Recall: 0.24571428571428572
                    indeterminate-adjusted f1: 0.17612638970157987
                    