TP:12 TN:1375 FP:1 FN:129 IP:45 IN:102


                    accuracy: 0.9143045484508899
                    precision: 0.9230769230769231
                    recall: 0.0851063829787234
                    f1: 0.15584415584415584
                    ppv: 0.9230769230769231
                    npv: 0.9142287234042553
                    error: 0.078125
                    leakage: 0.07752403846153846
                    overkill: 0.0006009615384615385
                    indeterminate: 0.08834134615384616
                    imperfection: 0.16646634615384615
                    indeterminate-adjusted precision: 0.10434782608695652
                    indeterminate-adjusted Recall: 0.3064516129032258
                    indeterminate-adjusted f1: 0.15568453397063844
                    