TP:12 TN:1382 FP:6 FN:126 IP:48 IN:90


                    accuracy: 0.9134993446920052
                    precision: 0.6666666666666666
                    recall: 0.08695652173913043
                    f1: 0.15384615384615385
                    ppv: 0.6666666666666666
                    npv: 0.916445623342175
                    error: 0.07932692307692307
                    leakage: 0.07572115384615384
                    overkill: 0.003605769230769231
                    indeterminate: 0.0829326923076923
                    imperfection: 0.16225961538461536
                    indeterminate-adjusted precision: 0.1111111111111111
                    indeterminate-adjusted Recall: 0.3225806451612903
                    indeterminate-adjusted f1: 0.1652892561983471
                    