TP:14 TN:1414 FP:4 FN:139 IP:33 IN:60


                    accuracy: 0.9089751750477403
                    precision: 0.7777777777777778
                    recall: 0.0915032679738562
                    f1: 0.16374269005847952
                    ppv: 0.7777777777777778
                    npv: 0.9104958145524791
                    error: 0.0859375
                    leakage: 0.08353365384615384
                    overkill: 0.002403846153846154
                    indeterminate: 0.05588942307692308
                    imperfection: 0.14182692307692307
                    indeterminate-adjusted precision: 0.1794871794871795
                    indeterminate-adjusted Recall: 0.25268817204301075
                    indeterminate-adjusted f1: 0.2098883572567783
                    