TP:14 TN:1429 FP:5 FN:138 IP:33 IN:45


                    accuracy: 0.9098360655737705
                    precision: 0.7368421052631579
                    recall: 0.09210526315789473
                    f1: 0.16374269005847952
                    ppv: 0.7368421052631579
                    npv: 0.9119336311423102
                    error: 0.0859375
                    leakage: 0.0829326923076923
                    overkill: 0.0030048076923076925
                    indeterminate: 0.046875
                    imperfection: 0.1328125
                    indeterminate-adjusted precision: 0.21875
                    indeterminate-adjusted Recall: 0.25405405405405407
                    indeterminate-adjusted f1: 0.23508395855662736
                    