TP:14 TN:1397 FP:6 FN:137 IP:35 IN:75


                    accuracy: 0.907979407979408
                    precision: 0.7
                    recall: 0.09271523178807947
                    f1: 0.16374269005847952
                    ppv: 0.7
                    npv: 0.9106910039113429
                    error: 0.0859375
                    leakage: 0.08233173076923077
                    overkill: 0.003605769230769231
                    indeterminate: 0.06610576923076923
                    imperfection: 0.15204326923076922
                    indeterminate-adjusted precision: 0.14736842105263157
                    indeterminate-adjusted Recall: 0.26344086021505375
                    indeterminate-adjusted f1: 0.18900675024108002
                    