TP:1 TN:1381 FP:2 FN:113 IP:61 IN:105


                    accuracy: 0.9231796927187709
                    precision: 0.3333333333333333
                    recall: 0.008771929824561403
                    f1: 0.017094017094017096
                    ppv: 0.3333333333333333
                    npv: 0.9243641231593038
                    error: 0.06915213469633193
                    leakage: 0.06794948887552615
                    overkill: 0.0012026458208057728
                    indeterminate: 0.09981960312687914
                    imperfection: 0.16897173782321107
                    indeterminate-adjusted precision: 0.009259259259259259
                    indeterminate-adjusted Recall: 0.35428571428571426
                    indeterminate-adjusted f1: 0.018046863629748215
                    