TP:8 TN:1349 FP:1 FN:113 IP:65 IN:128


                    accuracy: 0.9225016995241332
                    precision: 0.8888888888888888
                    recall: 0.06611570247933884
                    f1: 0.12307692307692308
                    ppv: 0.8888888888888888
                    npv: 0.9227086183310533
                    error: 0.06850961538461539
                    leakage: 0.06790865384615384
                    overkill: 0.0006009615384615385
                    indeterminate: 0.11598557692307693
                    imperfection: 0.18449519230769232
                    indeterminate-adjusted precision: 0.058394160583941604
                    indeterminate-adjusted Recall: 0.3924731182795699
                    indeterminate-adjusted f1: 0.10166245974410307
                    