TP:13 TN:178 FP:2 FN:45 IP:19 IN:32


                    accuracy: 0.8025210084033614
                    precision: 0.8666666666666667
                    recall: 0.22413793103448276
                    f1: 0.3561643835616438
                    ppv: 0.8666666666666667
                    npv: 0.7982062780269058
                    error: 0.16262975778546712
                    leakage: 0.15570934256055363
                    overkill: 0.006920415224913495
                    indeterminate: 0.17647058823529413
                    imperfection: 0.3391003460207612
                    indeterminate-adjusted precision: 0.2765957446808511
                    indeterminate-adjusted Recall: 0.4155844155844156
                    indeterminate-adjusted f1: 0.33213572854291423
                    