TP:13 TN:178 FP:3 FN:44 IP:20 IN:31


                    accuracy: 0.8025210084033614
                    precision: 0.8125
                    recall: 0.22807017543859648
                    f1: 0.3561643835616438
                    ppv: 0.8125
                    npv: 0.8018018018018018
                    error: 0.16262975778546712
                    leakage: 0.1522491349480969
                    overkill: 0.010380622837370242
                    indeterminate: 0.17647058823529413
                    imperfection: 0.3391003460207612
                    indeterminate-adjusted precision: 0.2765957446808511
                    indeterminate-adjusted Recall: 0.42857142857142855
                    indeterminate-adjusted f1: 0.33620689655172414
                    