TP:13 TN:179 FP:3 FN:44 IP:20 IN:30


                    accuracy: 0.803347280334728
                    precision: 0.8125
                    recall: 0.22807017543859648
                    f1: 0.3561643835616438
                    ppv: 0.8125
                    npv: 0.8026905829596412
                    error: 0.16262975778546712
                    leakage: 0.1522491349480969
                    overkill: 0.010380622837370242
                    indeterminate: 0.17301038062283736
                    imperfection: 0.3356401384083045
                    indeterminate-adjusted precision: 0.2826086956521739
                    indeterminate-adjusted Recall: 0.42857142857142855
                    indeterminate-adjusted f1: 0.34061135371179035
                    