TP:14 TN:177 FP:2 FN:45 IP:18 IN:33


                    accuracy: 0.8025210084033614
                    precision: 0.875
                    recall: 0.23728813559322035
                    f1: 0.37333333333333335
                    ppv: 0.875
                    npv: 0.7972972972972973
                    error: 0.16262975778546712
                    leakage: 0.15570934256055363
                    overkill: 0.006920415224913495
                    indeterminate: 0.17647058823529413
                    imperfection: 0.3391003460207612
                    indeterminate-adjusted precision: 0.2857142857142857
                    indeterminate-adjusted Recall: 0.4155844155844156
                    indeterminate-adjusted f1: 0.3386243386243386
                    