TP:16 TN:177 FP:9 FN:45 IP:17 IN:26


                    accuracy: 0.7813765182186235
                    precision: 0.64
                    recall: 0.26229508196721313
                    f1: 0.37209302325581395
                    ppv: 0.64
                    npv: 0.7972972972972973
                    error: 0.18620689655172415
                    leakage: 0.15517241379310345
                    overkill: 0.03103448275862069
                    indeterminate: 0.1482758620689655
                    imperfection: 0.33448275862068966
                    indeterminate-adjusted precision: 0.3137254901960784
                    indeterminate-adjusted Recall: 0.4230769230769231
                    indeterminate-adjusted f1: 0.3602865916069601
                    