TP:14 TN:176 FP:1 FN:44 IP:19 IN:35


                    accuracy: 0.8085106382978723
                    precision: 0.9333333333333333
                    recall: 0.2413793103448276
                    f1: 0.3835616438356164
                    ppv: 0.9333333333333333
                    npv: 0.8
                    error: 0.15570934256055363
                    leakage: 0.1522491349480969
                    overkill: 0.0034602076124567475
                    indeterminate: 0.18685121107266436
                    imperfection: 0.342560553633218
                    indeterminate-adjusted precision: 0.28
                    indeterminate-adjusted Recall: 0.42857142857142855
                    indeterminate-adjusted f1: 0.3387096774193548
                    