TP:13 TN:179 FP:1 FN:46 IP:18 IN:32


                    accuracy: 0.803347280334728
                    precision: 0.9285714285714286
                    recall: 0.22033898305084745
                    f1: 0.3561643835616438
                    ppv: 0.9285714285714286
                    npv: 0.7955555555555556
                    error: 0.16262975778546712
                    leakage: 0.15916955017301038
                    overkill: 0.0034602076124567475
                    indeterminate: 0.17301038062283736
                    imperfection: 0.3356401384083045
                    indeterminate-adjusted precision: 0.2826086956521739
                    indeterminate-adjusted Recall: 0.4025974025974026
                    indeterminate-adjusted f1: 0.33209723939019364
                    