TP:15 TN:182 FP:9 FN:27 IP:21 IN:36


                    accuracy: 0.8454935622317596
                    precision: 0.625
                    recall: 0.35714285714285715
                    f1: 0.45454545454545453
                    ppv: 0.625
                    npv: 0.8708133971291866
                    error: 0.12413793103448276
                    leakage: 0.09310344827586207
                    overkill: 0.03103448275862069
                    indeterminate: 0.19655172413793104
                    imperfection: 0.32068965517241377
                    indeterminate-adjusted precision: 0.25
                    indeterminate-adjusted Recall: 0.5714285714285714
                    indeterminate-adjusted f1: 0.34782608695652173
                    