TP:14 TN:178 FP:8 FN:28 IP:21 IN:41


                    accuracy: 0.8421052631578947
                    precision: 0.6363636363636364
                    recall: 0.3333333333333333
                    f1: 0.4375
                    ppv: 0.6363636363636364
                    npv: 0.8640776699029126
                    error: 0.12413793103448276
                    leakage: 0.09655172413793103
                    overkill: 0.027586206896551724
                    indeterminate: 0.21379310344827587
                    imperfection: 0.33793103448275863
                    indeterminate-adjusted precision: 0.2222222222222222
                    indeterminate-adjusted Recall: 0.5555555555555556
                    indeterminate-adjusted f1: 0.31746031746031744
                    