TP:13 TN:179 FP:9 FN:26 IP:24 IN:39


                    accuracy: 0.8458149779735683
                    precision: 0.5909090909090909
                    recall: 0.3333333333333333
                    f1: 0.4262295081967213
                    ppv: 0.5909090909090909
                    npv: 0.8731707317073171
                    error: 0.1206896551724138
                    leakage: 0.0896551724137931
                    overkill: 0.03103448275862069
                    indeterminate: 0.21724137931034482
                    imperfection: 0.33793103448275863
                    indeterminate-adjusted precision: 0.21311475409836064
                    indeterminate-adjusted Recall: 0.5873015873015873
                    indeterminate-adjusted f1: 0.3127438231469441
                    