TP:14 TN:179 FP:2 FN:45 IP:18 IN:31


                    accuracy: 0.8041666666666667
                    precision: 0.875
                    recall: 0.23728813559322035
                    f1: 0.37333333333333335
                    ppv: 0.875
                    npv: 0.7991071428571429
                    error: 0.16262975778546712
                    leakage: 0.15570934256055363
                    overkill: 0.006920415224913495
                    indeterminate: 0.1695501730103806
                    imperfection: 0.33217993079584773
                    indeterminate-adjusted precision: 0.2978723404255319
                    indeterminate-adjusted Recall: 0.4155844155844156
                    indeterminate-adjusted f1: 0.3470178156467854
                    