TP:14 TN:183 FP:9 FN:30 IP:19 IN:35


                    accuracy: 0.8347457627118644
                    precision: 0.6086956521739131
                    recall: 0.3181818181818182
                    f1: 0.417910447761194
                    ppv: 0.6086956521739131
                    npv: 0.8591549295774648
                    error: 0.13448275862068965
                    leakage: 0.10344827586206896
                    overkill: 0.03103448275862069
                    indeterminate: 0.18620689655172415
                    imperfection: 0.32068965517241377
                    indeterminate-adjusted precision: 0.2413793103448276
                    indeterminate-adjusted Recall: 0.5238095238095238
                    indeterminate-adjusted f1: 0.33047210300429186
                    