TP:16 TN:199 FP:8 FN:60 IP:1 IN:5


                    accuracy: 0.7597173144876325
                    precision: 0.6666666666666666
                    recall: 0.21052631578947367
                    f1: 0.32
                    ppv: 0.6666666666666666
                    npv: 0.7683397683397684
                    error: 0.23529411764705882
                    leakage: 0.20761245674740483
                    overkill: 0.02768166089965398
                    indeterminate: 0.020761245674740483
                    imperfection: 0.2560553633217993
                    indeterminate-adjusted precision: 0.5517241379310345
                    indeterminate-adjusted Recall: 0.22077922077922077
                    indeterminate-adjusted f1: 0.3153623188405797
                    