TP:17 TN:195 FP:15 FN:55 IP:6 IN:2


                    accuracy: 0.75177304964539
                    precision: 0.53125
                    recall: 0.2361111111111111
                    f1: 0.3269230769230769
                    ppv: 0.53125
                    npv: 0.78
                    error: 0.2413793103448276
                    leakage: 0.1896551724137931
                    overkill: 0.05172413793103448
                    indeterminate: 0.027586206896551724
                    imperfection: 0.2689655172413793
                    indeterminate-adjusted precision: 0.5
                    indeterminate-adjusted Recall: 0.2948717948717949
                    indeterminate-adjusted f1: 0.3709677419354839
                    