TP:18 TN:193 FP:17 FN:55 IP:5 IN:2


                    accuracy: 0.7455830388692579
                    precision: 0.5142857142857142
                    recall: 0.2465753424657534
                    f1: 0.3333333333333333
                    ppv: 0.5142857142857142
                    npv: 0.7782258064516129
                    error: 0.2482758620689655
                    leakage: 0.1896551724137931
                    overkill: 0.05862068965517241
                    indeterminate: 0.02413793103448276
                    imperfection: 0.27241379310344827
                    indeterminate-adjusted precision: 0.4864864864864865
                    indeterminate-adjusted Recall: 0.2948717948717949
                    indeterminate-adjusted f1: 0.3671840354767184
                    