TP:18 TN:211 FP:16 FN:44 IP:1 IN:0


                    accuracy: 0.7923875432525952
                    precision: 0.5294117647058824
                    recall: 0.2903225806451613
                    f1: 0.375
                    ppv: 0.5294117647058824
                    npv: 0.8274509803921568
                    error: 0.20689655172413793
                    leakage: 0.15172413793103448
                    overkill: 0.05517241379310345
                    indeterminate: 0.0034482758620689655
                    imperfection: 0.2103448275862069
                    indeterminate-adjusted precision: 0.5294117647058824
                    indeterminate-adjusted Recall: 0.30158730158730157
                    indeterminate-adjusted f1: 0.38426966292134834
                    