TP:16 TN:202 FP:6 FN:59 IP:2 IN:4


                    accuracy: 0.7703180212014135
                    precision: 0.7272727272727273
                    recall: 0.21333333333333335
                    f1: 0.32989690721649484
                    ppv: 0.7272727272727273
                    npv: 0.7739463601532567
                    error: 0.22491349480968859
                    leakage: 0.2041522491349481
                    overkill: 0.020761245674740483
                    indeterminate: 0.020761245674740483
                    imperfection: 0.24567474048442905
                    indeterminate-adjusted precision: 0.6153846153846154
                    indeterminate-adjusted Recall: 0.23376623376623376
                    indeterminate-adjusted f1: 0.33882352941176475
                    