TP:16 TN:203 FP:18 FN:45 IP:2 IN:6


                    accuracy: 0.776595744680851
                    precision: 0.47058823529411764
                    recall: 0.26229508196721313
                    f1: 0.3368421052631579
                    ppv: 0.47058823529411764
                    npv: 0.8185483870967742
                    error: 0.21724137931034482
                    leakage: 0.15517241379310345
                    overkill: 0.06206896551724138
                    indeterminate: 0.027586206896551724
                    imperfection: 0.24482758620689654
                    indeterminate-adjusted precision: 0.4
                    indeterminate-adjusted Recall: 0.2857142857142857
                    indeterminate-adjusted f1: 0.3333333333333333
                    