TP:18 TN:209 FP:15 FN:44 IP:1 IN:3


                    accuracy: 0.7937062937062938
                    precision: 0.5454545454545454
                    recall: 0.2903225806451613
                    f1: 0.37894736842105264
                    ppv: 0.5454545454545454
                    npv: 0.8260869565217391
                    error: 0.20344827586206896
                    leakage: 0.15172413793103448
                    overkill: 0.05172413793103448
                    indeterminate: 0.013793103448275862
                    imperfection: 0.21724137931034482
                    indeterminate-adjusted precision: 0.5
                    indeterminate-adjusted Recall: 0.30158730158730157
                    indeterminate-adjusted f1: 0.3762376237623762
                    