TP:14 TN:202 FP:6 FN:61 IP:2 IN:4


                    accuracy: 0.7632508833922261
                    precision: 0.7
                    recall: 0.18666666666666668
                    f1: 0.29473684210526313
                    ppv: 0.7
                    npv: 0.7680608365019012
                    error: 0.23183391003460208
                    leakage: 0.21107266435986158
                    overkill: 0.020761245674740483
                    indeterminate: 0.020761245674740483
                    imperfection: 0.25259515570934254
                    indeterminate-adjusted precision: 0.5833333333333334
                    indeterminate-adjusted Recall: 0.2077922077922078
                    indeterminate-adjusted f1: 0.30642954856361154
                    