TP:13 TN:184 FP:14 FN:53 IP:12 IN:14


                    accuracy: 0.7462121212121212
                    precision: 0.48148148148148145
                    recall: 0.19696969696969696
                    f1: 0.27956989247311825
                    ppv: 0.48148148148148145
                    npv: 0.7763713080168776
                    error: 0.23103448275862068
                    leakage: 0.18275862068965518
                    overkill: 0.04827586206896552
                    indeterminate: 0.0896551724137931
                    imperfection: 0.32068965517241377
                    indeterminate-adjusted precision: 0.3170731707317073
                    indeterminate-adjusted Recall: 0.32051282051282054
                    indeterminate-adjusted f1: 0.31878371750858264
                    