TP:16 TN:202 FP:5 FN:61 IP:0 IN:5


                    accuracy: 0.7676056338028169
                    precision: 0.7619047619047619
                    recall: 0.2077922077922078
                    f1: 0.32653061224489793
                    ppv: 0.7619047619047619
                    npv: 0.7680608365019012
                    error: 0.22837370242214533
                    leakage: 0.21107266435986158
                    overkill: 0.01730103806228374
                    indeterminate: 0.01730103806228374
                    imperfection: 0.24567474048442905
                    indeterminate-adjusted precision: 0.6153846153846154
                    indeterminate-adjusted Recall: 0.2077922077922078
                    indeterminate-adjusted f1: 0.31067961165048547
                    