TP:15 TN:202 FP:6 FN:60 IP:2 IN:4


                    accuracy: 0.7667844522968198
                    precision: 0.7142857142857143
                    recall: 0.2
                    f1: 0.3125
                    ppv: 0.7142857142857143
                    npv: 0.7709923664122137
                    error: 0.22837370242214533
                    leakage: 0.20761245674740483
                    overkill: 0.020761245674740483
                    indeterminate: 0.020761245674740483
                    imperfection: 0.2491349480968858
                    indeterminate-adjusted precision: 0.6
                    indeterminate-adjusted Recall: 0.22077922077922077
                    indeterminate-adjusted f1: 0.3227848101265823
                    