TP:18 TN:192 FP:13 FN:52 IP:8 IN:7


                    accuracy: 0.7636363636363637
                    precision: 0.5806451612903226
                    recall: 0.2571428571428571
                    f1: 0.3564356435643564
                    ppv: 0.5806451612903226
                    npv: 0.7868852459016393
                    error: 0.22413793103448276
                    leakage: 0.1793103448275862
                    overkill: 0.04482758620689655
                    indeterminate: 0.05172413793103448
                    imperfection: 0.27586206896551724
                    indeterminate-adjusted precision: 0.47368421052631576
                    indeterminate-adjusted Recall: 0.3333333333333333
                    indeterminate-adjusted f1: 0.391304347826087
                    