TP:16 TN:205 FP:7 FN:61 IP:0 IN:0


                    accuracy: 0.7647058823529411
                    precision: 0.6956521739130435
                    recall: 0.2077922077922078
                    f1: 0.32
                    ppv: 0.6956521739130435
                    npv: 0.7706766917293233
                    error: 0.23529411764705882
                    leakage: 0.21107266435986158
                    overkill: 0.02422145328719723
                    indeterminate: 0.0
                    imperfection: 0.23529411764705882
                    indeterminate-adjusted precision: 0.6956521739130435
                    indeterminate-adjusted Recall: 0.2077922077922078
                    indeterminate-adjusted f1: 0.32
                    