TP:18 TN:206 FP:15 FN:44 IP:1 IN:6


                    accuracy: 0.7915194346289752
                    precision: 0.5454545454545454
                    recall: 0.2903225806451613
                    f1: 0.37894736842105264
                    ppv: 0.5454545454545454
                    npv: 0.824
                    error: 0.20344827586206896
                    leakage: 0.15172413793103448
                    overkill: 0.05172413793103448
                    indeterminate: 0.02413793103448276
                    imperfection: 0.2275862068965517
                    indeterminate-adjusted precision: 0.46153846153846156
                    indeterminate-adjusted Recall: 0.30158730158730157
                    indeterminate-adjusted f1: 0.3648
                    