TP:16 TN:201 FP:15 FN:43 IP:4 IN:11


                    accuracy: 0.7890909090909091
                    precision: 0.5161290322580645
                    recall: 0.2711864406779661
                    f1: 0.35555555555555557
                    ppv: 0.5161290322580645
                    npv: 0.8237704918032787
                    error: 0.2
                    leakage: 0.1482758620689655
                    overkill: 0.05172413793103448
                    indeterminate: 0.05172413793103448
                    imperfection: 0.2517241379310345
                    indeterminate-adjusted precision: 0.38095238095238093
                    indeterminate-adjusted Recall: 0.31746031746031744
                    indeterminate-adjusted f1: 0.3463203463203463
                    