TP:17 TN:203 FP:17 FN:44 IP:2 IN:7


                    accuracy: 0.7829181494661922
                    precision: 0.5
                    recall: 0.2786885245901639
                    f1: 0.35789473684210527
                    ppv: 0.5
                    npv: 0.8218623481781376
                    error: 0.2103448275862069
                    leakage: 0.15172413793103448
                    overkill: 0.05862068965517241
                    indeterminate: 0.03103448275862069
                    imperfection: 0.2413793103448276
                    indeterminate-adjusted precision: 0.4146341463414634
                    indeterminate-adjusted Recall: 0.30158730158730157
                    indeterminate-adjusted f1: 0.3491891891891892
                    