TP:16 TN:202 FP:17 FN:46 IP:1 IN:8


                    accuracy: 0.7758007117437722
                    precision: 0.48484848484848486
                    recall: 0.25806451612903225
                    f1: 0.3368421052631579
                    ppv: 0.48484848484848486
                    npv: 0.8145161290322581
                    error: 0.21724137931034482
                    leakage: 0.15862068965517243
                    overkill: 0.05862068965517241
                    indeterminate: 0.03103448275862069
                    imperfection: 0.2482758620689655
                    indeterminate-adjusted precision: 0.3902439024390244
                    indeterminate-adjusted Recall: 0.2698412698412698
                    indeterminate-adjusted f1: 0.3190615835777126
                    