TP:15 TN:190 FP:15 FN:56 IP:7 IN:7


                    accuracy: 0.7427536231884058
                    precision: 0.5
                    recall: 0.2112676056338028
                    f1: 0.297029702970297
                    ppv: 0.5
                    npv: 0.7723577235772358
                    error: 0.24482758620689654
                    leakage: 0.19310344827586207
                    overkill: 0.05172413793103448
                    indeterminate: 0.04827586206896552
                    imperfection: 0.29310344827586204
                    indeterminate-adjusted precision: 0.40540540540540543
                    indeterminate-adjusted Recall: 0.28205128205128205
                    indeterminate-adjusted f1: 0.3326612903225807
                    