TP:15 TN:177 FP:8 FN:45 IP:18 IN:27


                    accuracy: 0.7836734693877551
                    precision: 0.6521739130434783
                    recall: 0.25
                    f1: 0.3614457831325301
                    ppv: 0.6521739130434783
                    npv: 0.7972972972972973
                    error: 0.18275862068965518
                    leakage: 0.15517241379310345
                    overkill: 0.027586206896551724
                    indeterminate: 0.15517241379310345
                    imperfection: 0.33793103448275863
                    indeterminate-adjusted precision: 0.3
                    indeterminate-adjusted Recall: 0.4230769230769231
                    indeterminate-adjusted f1: 0.35106382978723405
                    