TP:16 TN:171 FP:7 FN:42 IP:20 IN:34


                    accuracy: 0.7923728813559322
                    precision: 0.6956521739130435
                    recall: 0.27586206896551724
                    f1: 0.3950617283950617
                    ppv: 0.6956521739130435
                    npv: 0.8028169014084507
                    error: 0.16896551724137931
                    leakage: 0.14482758620689656
                    overkill: 0.02413793103448276
                    indeterminate: 0.18620689655172415
                    imperfection: 0.3551724137931035
                    indeterminate-adjusted precision: 0.2807017543859649
                    indeterminate-adjusted Recall: 0.46153846153846156
                    indeterminate-adjusted f1: 0.34909090909090906
                    