TP:17 TN:181 FP:10 FN:44 IP:17 IN:21


                    accuracy: 0.7857142857142857
                    precision: 0.6296296296296297
                    recall: 0.2786885245901639
                    f1: 0.38636363636363635
                    ppv: 0.6296296296296297
                    npv: 0.8044444444444444
                    error: 0.18620689655172415
                    leakage: 0.15172413793103448
                    overkill: 0.034482758620689655
                    indeterminate: 0.1310344827586207
                    imperfection: 0.31724137931034485
                    indeterminate-adjusted precision: 0.3541666666666667
                    indeterminate-adjusted Recall: 0.4358974358974359
                    indeterminate-adjusted f1: 0.3908045977011494
                    