TP:17 TN:178 FP:9 FN:45 IP:16 IN:25


                    accuracy: 0.7831325301204819
                    precision: 0.6538461538461539
                    recall: 0.27419354838709675
                    f1: 0.38636363636363635
                    ppv: 0.6538461538461539
                    npv: 0.7982062780269058
                    error: 0.18620689655172415
                    leakage: 0.15517241379310345
                    overkill: 0.03103448275862069
                    indeterminate: 0.1413793103448276
                    imperfection: 0.3275862068965517
                    indeterminate-adjusted precision: 0.3333333333333333
                    indeterminate-adjusted Recall: 0.4230769230769231
                    indeterminate-adjusted f1: 0.3728813559322034
                    