TP:14 TN:180 FP:8 FN:28 IP:21 IN:39


                    accuracy: 0.8434782608695652
                    precision: 0.6363636363636364
                    recall: 0.3333333333333333
                    f1: 0.4375
                    ppv: 0.6363636363636364
                    npv: 0.8653846153846154
                    error: 0.12413793103448276
                    leakage: 0.09655172413793103
                    overkill: 0.027586206896551724
                    indeterminate: 0.20689655172413793
                    imperfection: 0.3310344827586207
                    indeterminate-adjusted precision: 0.22950819672131148
                    indeterminate-adjusted Recall: 0.5555555555555556
                    indeterminate-adjusted f1: 0.3248259860788863
                    