TP:9 TN:162 FP:7 FN:19 IP:35 IN:58


                    accuracy: 0.868020304568528
                    precision: 0.5625
                    recall: 0.32142857142857145
                    f1: 0.4090909090909091
                    ppv: 0.5625
                    npv: 0.8950276243093923
                    error: 0.0896551724137931
                    leakage: 0.06551724137931035
                    overkill: 0.02413793103448276
                    indeterminate: 0.32068965517241377
                    imperfection: 0.4103448275862069
                    indeterminate-adjusted precision: 0.12162162162162163
                    indeterminate-adjusted Recall: 0.6984126984126984
                    indeterminate-adjusted f1: 0.2071671462202459
                    