TP:9 TN:161 FP:7 FN:21 IP:33 IN:59


                    accuracy: 0.8585858585858586
                    precision: 0.5625
                    recall: 0.3
                    f1: 0.391304347826087
                    ppv: 0.5625
                    npv: 0.8846153846153846
                    error: 0.09655172413793103
                    leakage: 0.07241379310344828
                    overkill: 0.02413793103448276
                    indeterminate: 0.31724137931034485
                    imperfection: 0.4137931034482759
                    indeterminate-adjusted precision: 0.12
                    indeterminate-adjusted Recall: 0.6666666666666666
                    indeterminate-adjusted f1: 0.20338983050847456
                    