TP:10 TN:139 FP:3 FN:33 IP:35 IN:70


                    accuracy: 0.8054054054054054
                    precision: 0.7692307692307693
                    recall: 0.23255813953488372
                    f1: 0.35714285714285715
                    ppv: 0.7692307692307693
                    npv: 0.8081395348837209
                    error: 0.12413793103448276
                    leakage: 0.11379310344827587
                    overkill: 0.010344827586206896
                    indeterminate: 0.3620689655172414
                    imperfection: 0.4862068965517241
                    indeterminate-adjusted precision: 0.12048192771084337
                    indeterminate-adjusted Recall: 0.5769230769230769
                    indeterminate-adjusted f1: 0.19933554817275748
                    