TP:12 TN:173 FP:8 FN:43 IP:23 IN:31


                    accuracy: 0.7838983050847458
                    precision: 0.6
                    recall: 0.21818181818181817
                    f1: 0.32
                    ppv: 0.6
                    npv: 0.8009259259259259
                    error: 0.17586206896551723
                    leakage: 0.1482758620689655
                    overkill: 0.027586206896551724
                    indeterminate: 0.18620689655172415
                    imperfection: 0.3620689655172414
                    indeterminate-adjusted precision: 0.23529411764705882
                    indeterminate-adjusted Recall: 0.44871794871794873
                    indeterminate-adjusted f1: 0.308710033076075
                    