TP:16 TN:174 FP:7 FN:48 IP:14 IN:31


                    accuracy: 0.7755102040816326
                    precision: 0.6956521739130435
                    recall: 0.25
                    f1: 0.367816091954023
                    ppv: 0.6956521739130435
                    npv: 0.7837837837837838
                    error: 0.1896551724137931
                    leakage: 0.16551724137931034
                    overkill: 0.02413793103448276
                    indeterminate: 0.15517241379310345
                    imperfection: 0.3448275862068966
                    indeterminate-adjusted precision: 0.2962962962962963
                    indeterminate-adjusted Recall: 0.38461538461538464
                    indeterminate-adjusted f1: 0.3347280334728034
                    