TP:13 TN:180 FP:2 FN:45 IP:19 IN:30


                    accuracy: 0.8041666666666667
                    precision: 0.8666666666666667
                    recall: 0.22413793103448276
                    f1: 0.3561643835616438
                    ppv: 0.8666666666666667
                    npv: 0.8
                    error: 0.16262975778546712
                    leakage: 0.15570934256055363
                    overkill: 0.006920415224913495
                    indeterminate: 0.1695501730103806
                    imperfection: 0.33217993079584773
                    indeterminate-adjusted precision: 0.28888888888888886
                    indeterminate-adjusted Recall: 0.4155844155844156
                    indeterminate-adjusted f1: 0.34084391642769357
                    