TP:14 TN:177 FP:2 FN:46 IP:17 IN:33


                    accuracy: 0.799163179916318
                    precision: 0.875
                    recall: 0.23333333333333334
                    f1: 0.3684210526315789
                    ppv: 0.875
                    npv: 0.7937219730941704
                    error: 0.16608996539792387
                    leakage: 0.15916955017301038
                    overkill: 0.006920415224913495
                    indeterminate: 0.17301038062283736
                    imperfection: 0.3391003460207612
                    indeterminate-adjusted precision: 0.2857142857142857
                    indeterminate-adjusted Recall: 0.4025974025974026
                    indeterminate-adjusted f1: 0.33423180592991913
                    