TP:14 TN:181 FP:9 FN:28 IP:21 IN:37


                    accuracy: 0.8405172413793104
                    precision: 0.6086956521739131
                    recall: 0.3333333333333333
                    f1: 0.4307692307692308
                    ppv: 0.6086956521739131
                    npv: 0.8660287081339713
                    error: 0.12758620689655173
                    leakage: 0.09655172413793103
                    overkill: 0.03103448275862069
                    indeterminate: 0.2
                    imperfection: 0.3275862068965517
                    indeterminate-adjusted precision: 0.23333333333333334
                    indeterminate-adjusted Recall: 0.5555555555555556
                    indeterminate-adjusted f1: 0.3286384976525822
                    