TP:14 TN:180 FP:2 FN:47 IP:16 IN:30


                    accuracy: 0.7983539094650206
                    precision: 0.875
                    recall: 0.22950819672131148
                    f1: 0.36363636363636365
                    ppv: 0.875
                    npv: 0.7929515418502202
                    error: 0.1695501730103806
                    leakage: 0.16262975778546712
                    overkill: 0.006920415224913495
                    indeterminate: 0.15916955017301038
                    imperfection: 0.328719723183391
                    indeterminate-adjusted precision: 0.30434782608695654
                    indeterminate-adjusted Recall: 0.38961038961038963
                    indeterminate-adjusted f1: 0.3417412530512612
                    