TP:13 TN:172 FP:9 FN:26 IP:24 IN:46


                    accuracy: 0.8409090909090909
                    precision: 0.5909090909090909
                    recall: 0.3333333333333333
                    f1: 0.4262295081967213
                    ppv: 0.5909090909090909
                    npv: 0.8686868686868687
                    error: 0.1206896551724138
                    leakage: 0.0896551724137931
                    overkill: 0.03103448275862069
                    indeterminate: 0.2413793103448276
                    imperfection: 0.3620689655172414
                    indeterminate-adjusted precision: 0.19117647058823528
                    indeterminate-adjusted Recall: 0.5873015873015873
                    indeterminate-adjusted f1: 0.288455772113943
                    